31 19 32 42 26 32 30 35 39 29
26 27 27 23 40 38 45 30 22 99
96 40 19 32 27 39 30 27 36 24
37 27 30 24 31 34 25 30 32 24

27 30 24 31 18 29 25 30 23 26
33 32 40 33 31 25 19 39 24 27
29 24 27 23 28 30 19 26 41 27
28 30 24 30 26 32 30 22 22 22

32 28 23 29 26 28 37 31 31 26
32 27 27 27 24 18 23 34 20 32
31 27 25 36 32 20 32 24 29 22
29 30 26 30 29 27 24 28 22 27

24 27 26 22 35 25 33 32 26 25
28 30 38 29 36 28 21 27 31 27
29 30 32 27 33 27 34 41 29 35
26 24 29 27 28 23 24 32 29 23

25 22 33 24 21 37 30 29 29 31
31 33 25 33 22 29 34 25 24 30
25 24 25 28 39 31 30 20 24 24
22 30 30 32 23 26 30 27 31 33
